DividerFrequency		  Period
1       50 MHz			  0.00000002
2       25 MHz		  	0.00000004
3       12.5 MHz		  0.00000008
4       6.25 MHz		  0.00000016
5       3.125 MHz		  0.00000032
6       1.5625 MHz	  0.00000064
7       0.78125 MHz	  0.00000128
8		   0.390625 MHz	0.00000256
9		   0.195313 MHz	0.00000512
10		97.656 KHz		0.00001024
11		48.83 KHz		  0.00002048
12		24.41 KHz		  0.00004096
13		12.21 KHz		  0.00008192
14		6.10 KHz		  0.00016384
15		3.05 KHz		  0.00032768
16		  1.52 KHz		  0.00065536
17		0.76 KHz		  0.00131072
